[gd_scene load_steps=9 format=2]

[ext_resource path="res://Player/Sticker8.png" type="Texture" id=1]
[ext_resource path="res://Enemy/Sticker5.png" type="Texture" id=2]
[ext_resource path="res://Enemy/Enemy.gd" type="Script" id=3]
[ext_resource path="res://Player/Player.gd" type="Script" id=4]
[ext_resource path="res://scripts/interaction.gd" type="Script" id=5]

[sub_resource type="BoxShape" id=4]

[sub_resource type="BoxShape" id=5]

[sub_resource type="BoxShape" id=3]

[sub_resource type="CubeMesh" id=4]

[sub_resource type="BoxShape" id=5]

[node name="World" type="Node2D"]
visible = false

[node name="Player" type="KinematicBody" parent="."]
transform = Transform( 1, 0, 0, 0, 1, 0, 0, 0, 1, 2.68146, 0.0748191, -0.0655065 )
script = ExtResource( 4 )

[node name="Sprite3D" type="Sprite3D" parent="Player"]
transform = Transform( 1, -3.57152e-14, 2.06202e-14, 2.06202e-14, 0.866025, 0.5, -3.57152e-14, -0.5, 0.866025, 0, 0, 0 )
texture = ExtResource( 1 )

[node name="CollisionShape" type="CollisionShape" parent="Player"]
transform = Transform( 1, 0, 0, 0, 1, 0, 0, 0, 0.369587, 0, 0, 0 )
shape = SubResource( 4 )

[node name="Camera" type="Camera" parent="Player"]
transform = Transform( 1, -3.57152e-14, 2.06202e-14, 2.06202e-14, 0.866025, 0.5, -3.57152e-14, -0.5, 0.866025, 1.40793e-12, 3.05983, 4.83568 )
projection = 1
size = 8.07735

[node name="Enemy" type="KinematicBody" parent="."]
transform = Transform( 1, 0, 0, 0, 1, 0, 0, 0, 1, 0, 0.01, 0.026 )
script = ExtResource( 3 )

[node name="Sprite3D" type="Sprite3D" parent="Enemy"]
transform = Transform( 1, -3.57152e-14, 2.06202e-14, 2.06202e-14, 0.866025, 0.5, -3.57152e-14, -0.5, 0.866025, 0, 0, 0 )
texture = ExtResource( 2 )

[node name="CollisionShape" type="CollisionShape" parent="Enemy"]
transform = Transform( 1, 0, 0, 0, 1, 0, 0, 0, 0.328069, 0, 0, 0 )
shape = SubResource( 5 )

[node name="ground" type="StaticBody" parent="."]

[node name="CollisionShape" type="CollisionShape" parent="ground"]
transform = Transform( 50, 0, 0, 0, 1, 0, 0, 0, 50, 0.26, -2, 0 )
shape = SubResource( 3 )

[node name="CSGBox" type="CSGBox" parent="ground"]
transform = Transform( 50, 0, 0, 0, 1, 0, 0, 0, 50, 0.26, -2, 0 )

[node name="MeshInstance" type="MeshInstance" parent="ground"]

[node name="Area" type="Area" parent="."]
transform = Transform( 0.25, 0, 0, 0, 0.5, 0, 0, 0, 0.5, 5.08175, 0.01, 1 )
script = ExtResource( 5 )

[node name="MeshInstance" type="MeshInstance" parent="Area"]
mesh = SubResource( 4 )

[node name="CollisionShape" type="CollisionShape" parent="Area"]
transform = Transform( 1, 0, 0, 0, 1, 0, 0, 0, 1, 0.0137253, 0.01, 0.0280936 )
shape = SubResource( 5 )
