[gd_scene load_steps=8 format=2]

[ext_resource path="res://Player/Sticker8.png" type="Texture" id=1]
[ext_resource path="res://Enemy/Sticker5.png" type="Texture" id=2]
[ext_resource path="res://Enemy/Enemy.gd" type="Script" id=3]
[ext_resource path="res://Player/Player.gd" type="Script" id=4]

[sub_resource type="SphereShape" id=1]

[sub_resource type="SphereShape" id=2]

[sub_resource type="BoxShape" id=3]

[node name="World" type="Node2D"]

[node name="Player" type="KinematicBody" parent="."]
script = ExtResource( 4 )

[node name="Sprite3D" type="Sprite3D" parent="Player"]
transform = Transform( 1, -3.57152e-14, 2.06202e-14, 2.06202e-14, 0.866025, 0.5, -3.57152e-14, -0.5, 0.866025, 0, 0, 0 )
texture = ExtResource( 1 )

[node name="CollisionShape" type="CollisionShape" parent="Player"]
shape = SubResource( 1 )

[node name="Camera" type="Camera" parent="Player"]
transform = Transform( 1, -3.57152e-14, 2.06202e-14, 2.06202e-14, 0.866025, 0.5, -3.57152e-14, -0.5, 0.866025, 1.36422e-12, 2, 3 )

[node name="Enemy" type="KinematicBody" parent="."]
transform = Transform( 1, 0, 0, 0, 1, 0, 0, 0, 1, 1.36422e-12, 1.36422e-12, -2 )
script = ExtResource( 3 )

[node name="Sprite3D" type="Sprite3D" parent="Enemy"]
transform = Transform( 1, -3.57152e-14, 2.06202e-14, 2.06202e-14, 0.866025, 0.5, -3.57152e-14, -0.5, 0.866025, 0, 0, 0 )
texture = ExtResource( 2 )

[node name="CollisionShape" type="CollisionShape" parent="Enemy"]
shape = SubResource( 2 )

[node name="ground" type="StaticBody" parent="."]

[node name="CollisionShape" type="CollisionShape" parent="ground"]
transform = Transform( 50, 0, 0, 0, 1, 0, 0, 0, 50, 0.26, -2, 0 )
shape = SubResource( 3 )

[node name="CSGBox" type="CSGBox" parent="ground"]
transform = Transform( 50, 0, 0, 0, 1, 0, 0, 0, 50, 0.26, -2, 0 )
